1.000000000000000000e+01 5.880640000000000346e-03 2.858170000000000155e-03
1.350000000000000000e+01 7.512429999999999629e-03 3.265849999999999830e-03
1.800000000000000000e+01 1.325165000000000023e-02 4.217920000000000003e-03
2.350000000000000000e+01 1.479647000000000080e-02 4.937809999999999942e-03
3.050000000000000000e+01 1.750387999999999944e-02 4.183120000000000241e-03
4.000000000000000000e+01 1.154834000000000069e-02 3.187849999999999885e-03
5.250000000000000000e+01 2.120491000000000043e-02 3.093639999999999932e-03
6.850000000000000000e+01 3.095490000000000047e-02 3.309120000000000030e-03
8.950000000000000000e+01 4.667865999999999682e-02 3.575570000000000137e-03
1.170000000000000000e+02 7.704958000000000640e-02 4.492180000000000131e-03
1.525000000000000000e+02 1.018950099999999942e-01 4.863369999999999672e-03
1.980000000000000000e+02 1.412469000000000086e-01 5.233680000000000103e-03
2.575000000000000000e+02 2.215801699999999930e-01 6.192770000000000219e-03
3.355000000000000000e+02 3.086738900000000063e-01 7.557529999999999804e-03
4.365000000000000000e+02 4.947844100000000078e-01 9.244020000000000362e-03
5.675000000000000000e+02 6.868142499999999595e-01 1.186366999999999977e-02
7.380000000000000000e+02 1.039138839999999897e+00 1.607516999999999974e-02
9.595000000000000000e+02 1.589912889999999912e+00 2.360225999999999991e-02
