1.000000000000000000e+01 5.642089999999999779e-03 2.823110000000000203e-03
1.350000000000000000e+01 7.592449999999999720e-03 3.257089999999999812e-03
1.800000000000000000e+01 1.336232000000000045e-02 4.250659999999999855e-03
2.350000000000000000e+01 1.717909999999999923e-02 5.293220000000000390e-03
3.050000000000000000e+01 1.983114999999999878e-02 4.434320000000000275e-03
4.000000000000000000e+01 1.610021000000000022e-02 3.546459999999999977e-03
5.250000000000000000e+01 2.584652000000000130e-02 3.371920000000000039e-03
6.850000000000000000e+01 3.555907999999999985e-02 3.512959999999999867e-03
8.950000000000000000e+01 5.299216000000000343e-02 3.799959999999999796e-03
1.170000000000000000e+02 8.721661999999999471e-02 4.772039999999999962e-03
1.525000000000000000e+02 1.149809400000000037e-01 5.135230000000000176e-03
1.980000000000000000e+02 1.559885000000000022e-01 5.483420000000000134e-03
2.575000000000000000e+02 2.420627899999999999e-01 6.459239999999999773e-03
3.355000000000000000e+02 3.378686699999999821e-01 7.837500000000000716e-03
4.365000000000000000e+02 5.213982900000000420e-01 9.458019999999999275e-03
5.675000000000000000e+02 7.215847600000000472e-01 1.209536999999999939e-02
7.380000000000000000e+02 1.074122690000000047e+00 1.629438000000000067e-02
9.595000000000000000e+02 1.630604029999999982e+00 2.385030000000000136e-02
