2.000000000000000000e+00 5.142816000000000059e-05 6.820922999999999949e-05 1.196373900000000069e-04
2.102542000000000133e+00 5.549025999999999682e-05 7.362432999999999445e-05 1.291145899999999980e-04
2.210341999999999807e+00 5.988923999999999854e-05 7.951049999999999709e-05 1.393997399999999821e-04
2.323668000000000067e+00 6.465318000000000497e-05 8.588667000000000350e-05 1.505398500000000085e-04
2.442806000000000033e+00 6.981250999999999679e-05 9.280276999999999645e-05 1.626152799999999797e-04
2.568051000000000084e+00 7.540017000000000149e-05 1.003363000000000036e-04 1.757364700000000051e-04
2.699717999999999840e+00 8.145162000000000604e-05 1.085505999999999971e-04 1.900022200000000031e-04
2.838134999999999852e+00 8.800514000000000492e-05 1.174809999999999955e-04 2.054861399999999868e-04
2.983649000000000218e+00 9.510195999999999570e-05 1.271679000000000060e-04 2.222698600000000153e-04
3.136623999999999857e+00 1.027866000000000028e-04 1.376863000000000034e-04 2.404729000000000198e-04
3.297442999999999902e+00 1.111072999999999992e-04 1.491350000000000011e-04 2.602422999999999867e-04
3.466505999999999865e+00 1.201159999999999999e-04 1.615902999999999968e-04 2.817062999999999967e-04
3.644238000000000088e+00 1.298689000000000061e-04 1.751066000000000016e-04 3.049755000000000348e-04
3.831081999999999876e+00 1.404260000000000003e-04 1.897698999999999870e-04 3.301959000000000144e-04
4.027504999999999669e+00 1.518525999999999969e-04 2.056996000000000117e-04 3.575521999999999815e-04
4.233999999999999986e+00 1.642187999999999938e-04 2.230013999999999890e-04 3.872201999999999827e-04
4.451082000000000427e+00 1.776004000000000081e-04 2.417629000000000024e-04 4.193633000000000105e-04
4.679293999999999620e+00 1.920790000000000019e-04 2.620952999999999976e-04 4.541742999999999995e-04
4.919205999999999968e+00 2.077424999999999986e-04 2.841426999999999994e-04 4.918852000000000250e-04
5.171419000000000210e+00 2.246853999999999952e-04 3.080779000000000069e-04 5.327633000000000021e-04
5.436563999999999730e+00 2.430099000000000126e-04 3.339414999999999875e-04 5.769513999999999459e-04
5.715302000000000326e+00 2.628266999999999886e-04 3.619248999999999947e-04 6.247515999999999833e-04
6.008332000000000228e+00 2.842545999999999940e-04 3.921996999999999983e-04 6.764543000000000465e-04
6.316385999999999612e+00 3.074220000000000121e-04 4.249292999999999907e-04 7.323513000000000028e-04
6.640234000000000414e+00 3.324673000000000211e-04 4.602733000000000236e-04 7.927406000000000990e-04
6.980686000000000391e+00 3.595404000000000178e-04 4.984262000000000154e-04 8.579666000000000332e-04
7.338593000000000366e+00 3.888030999999999909e-04 5.395924000000000076e-04 9.283954999999999985e-04
7.714851000000000347e+00 4.204303000000000055e-04 5.839589999999999972e-04 1.004389299999999948e-03
8.110400000000000276e+00 4.546115000000000095e-04 6.317376999999999672e-04 1.086349199999999977e-03
8.526229000000000724e+00 4.915520000000000262e-04 6.831650000000000092e-04 1.174717000000000035e-03
8.963378000000000512e+00 5.314748999999999689e-04 7.384619000000000252e-04 1.269936799999999994e-03
9.422940000000000538e+00 5.746218999999999676e-04 7.978592000000000063e-04 1.372481100000000082e-03
9.906064999999999898e+00 6.212550000000000277e-04 8.616203000000000013e-04 1.482875299999999921e-03
1.041395999999999944e+01 6.716597000000000366e-04 9.299939999999999596e-04 1.601653699999999996e-03
1.094788999999999923e+01 7.261474000000000401e-04 1.003427000000000095e-03 1.729574400000000135e-03
1.150920999999999950e+01 7.850583000000000387e-04 1.081808000000000075e-03 1.866866300000000114e-03
1.209928999999999988e+01 8.487632999999999853e-04 1.165604999999999896e-03 2.014368299999999990e-03
1.271964000000000006e+01 9.176676000000000364e-04 1.255094000000000001e-03 2.172761599999999821e-03
1.337179000000000073e+01 9.922144999999998969e-04 1.350566000000000093e-03 2.342780499999999773e-03
1.405738000000000021e+01 1.072889999999999955e-03 1.452301000000000026e-03 2.525190999999999981e-03
1.477810999999999986e+01 1.160229999999999942e-03 1.560579000000000089e-03 2.720809000000000248e-03
1.553580000000000005e+01 1.254820999999999931e-03 1.675693999999999925e-03 2.930514999999999856e-03
1.633233999999999853e+01 1.357307999999999995e-03 1.797914999999999973e-03 3.155222999999999969e-03
1.716972000000000165e+01 1.468399000000000006e-03 1.927516999999999902e-03 3.395915999999999692e-03
1.805002999999999957e+01 1.588877999999999948e-03 2.064773000000000216e-03 3.653650999999999947e-03
1.897547000000000139e+01 1.719604999999999918e-03 2.209925000000000170e-03 3.929530000000000522e-03
1.994836000000000098e+01 1.861529999999999912e-03 2.363855000000000210e-03 4.225384999999999905e-03
2.097113999999999834e+01 2.015700000000000044e-03 2.525490000000000027e-03 4.541190000000000504e-03
2.204635000000000034e+01 2.183267999999999927e-03 2.695699000000000185e-03 4.878966999999999679e-03
2.317669000000000068e+01 2.365505999999999859e-03 2.874676999999999961e-03 5.240182999999999820e-03
2.436498999999999882e+01 2.563817999999999826e-03 3.062572999999999858e-03 5.626390999999999684e-03
2.561420999999999992e+01 2.779747999999999854e-03 3.259541999999999821e-03 6.039289999999999242e-03
2.692747999999999919e+01 3.014999999999999885e-03 3.465681999999999877e-03 6.480681999999999762e-03
2.830808000000000035e+01 3.271445999999999903e-03 3.681094000000000206e-03 6.952540000000000109e-03
2.975946000000000069e+01 3.551150999999999787e-03 3.905825999999999829e-03 7.456977000000000050e-03
3.128526000000000096e+01 3.856384000000000027e-03 4.139915000000000088e-03 7.996299000000000115e-03
3.288929000000000258e+01 4.189637000000000396e-03 4.383357000000000052e-03 8.572994000000000447e-03
3.457556000000000296e+01 4.553642999999999580e-03 4.637544000000000388e-03 9.191186999999999968e-03
3.634828999999999866e+01 4.951404999999999869e-03 4.899480000000000328e-03 9.850885000000000197e-03
3.821191000000000315e+01 5.386211999999999597e-03 5.170591000000000423e-03 1.055680300000000002e-02
4.017107000000000028e+01 5.861662999999999596e-03 5.450749000000000392e-03 1.131241200000000086e-02
4.223069000000000273e+01 6.381691999999999573e-03 5.739791999999999637e-03 1.212148399999999834e-02
4.439589999999999748e+01 6.950599000000000013e-03 6.037517000000000057e-03 1.298811600000000094e-02
4.667213000000000278e+01 7.573075000000000292e-03 6.343683999999999608e-03 1.391675900000000077e-02
4.906506000000000256e+01 8.254233999999999183e-03 6.658026000000000048e-03 1.491226000000000010e-02
5.158068000000000097e+01 8.999640999999999197e-03 6.983060999999999609e-03 1.598270199999999794e-02
5.422527999999999793e+01 9.815348999999999255e-03 7.312627999999999837e-03 1.712797699999999909e-02
5.700547000000000253e+01 1.070792999999999918e-02 7.649473000000000383e-03 1.835740300000000130e-02
5.992819999999999681e+01 1.168454000000000020e-02 7.993271999999999183e-03 1.967781199999999939e-02
6.300077999999999889e+01 1.275288999999999937e-02 8.343691999999999775e-03 2.109658199999999914e-02
6.623090000000000543e+01 1.392138000000000056e-02 8.700355999999999368e-03 2.262173599999999993e-02
6.962663000000000579e+01 1.519906000000000035e-02 9.062860000000000707e-03 2.426191999999999932e-02
7.319647000000000503e+01 1.659574999999999939e-02 9.430733000000000171e-03 2.602648299999999956e-02
7.694933000000000334e+01 1.812201000000000090e-02 9.807580999999999244e-03 2.792959100000000014e-02
8.089461000000000013e+01 1.978925999999999949e-02 1.018404000000000011e-02 2.997330000000000133e-02
8.504215999999999553e+01 2.160979999999999845e-02 1.056398000000000059e-02 3.217377999999999905e-02
8.940237000000000478e+01 2.359684999999999908e-02 1.094650999999999957e-02 3.454335999999999518e-02
9.398613000000000284e+01 2.576465000000000005e-02 1.133064999999999940e-02 3.709529999999999772e-02
9.880490000000000350e+01 2.812846999999999917e-02 1.171530999999999961e-02 3.984377999999999531e-02
1.038706999999999994e+02 3.070470999999999964e-02 1.210521999999999987e-02 4.280992999999999604e-02
1.091962999999999937e+02 3.351090999999999792e-02 1.248691000000000037e-02 4.599781999999999482e-02
1.147948999999999984e+02 3.656585999999999864e-02 1.286578000000000027e-02 4.943163999999999891e-02
1.206805999999999983e+02 3.988962000000000063e-02 1.324065999999999958e-02 5.313028000000000195e-02
1.268679999999999950e+02 4.350360999999999811e-02 1.361027000000000070e-02 5.711387999999999882e-02
1.333727000000000089e+02 4.743063000000000140e-02 1.397317000000000004e-02 6.140380000000000144e-02
1.402108000000000061e+02 5.169495999999999813e-02 1.433436000000000085e-02 6.602932000000000246e-02
1.473995999999999924e+02 5.632233999999999852e-02 1.467850000000000057e-02 7.100083999999999562e-02
1.549568999999999903e+02 6.134008999999999989e-02 1.501169999999999935e-02 7.635179000000000271e-02
1.629017000000000053e+02 6.677710000000000590e-02 1.533290999999999994e-02 8.211001000000001104e-02
1.712538999999999874e+02 7.266387000000000540e-02 1.564118000000000105e-02 8.830505000000000992e-02
1.800343000000000018e+02 7.903256000000000170e-02 1.594237000000000085e-02 9.497492999999999908e-02
1.892648000000000081e+02 8.591696000000000055e-02 1.622113000000000027e-02 1.021380900000000008e-01
1.989686000000000092e+02 9.335248999999999631e-02 1.648441000000000142e-02 1.098369000000000012e-01
2.091699999999999875e+02 1.013761999999999996e-01 1.673126000000000127e-02 1.181074599999999974e-01
2.198942999999999870e+02 1.100267999999999941e-01 1.696092000000000086e-02 1.269877199999999984e-01
2.311685999999999979e+02 1.193444000000000033e-01 1.717919000000000043e-02 1.365235900000000002e-01
2.430208000000000084e+02 1.293707000000000051e-01 1.737232000000000012e-02 1.467430200000000018e-01
2.554807999999999879e+02 1.401486999999999872e-01 1.754769000000000120e-02 1.576963899999999918e-01
2.685796000000000276e+02 1.517226999999999881e-01 1.770497000000000043e-02 1.694276699999999747e-01
2.823498999999999910e+02 1.641378000000000004e-01 1.785029000000000129e-02 1.819880899999999913e-01
2.968263000000000034e+02 1.774401999999999924e-01 1.796872999999999873e-02 1.954089299999999807e-01
3.120448999999999842e+02 1.916767000000000054e-01 1.806750999999999843e-02 2.097442100000000142e-01
3.280437999999999761e+02 2.068944000000000061e-01 1.814655000000000087e-02 2.250409500000000174e-01
3.448629999999999995e+02 2.231404999999999916e-01 1.820578999999999947e-02 2.413462899999999911e-01
3.625445000000000277e+02 2.404618000000000033e-01 1.825010999999999994e-02 2.587119099999999894e-01
3.811324999999999932e+02 2.589041999999999732e-01 1.826691999999999899e-02 2.771711199999999931e-01
4.006736000000000217e+02 2.785128000000000048e-01 1.826184000000000140e-02 2.967746399999999785e-01
4.212166000000000281e+02 2.993304999999999993e-01 1.823953000000000033e-02 3.175700300000000031e-01
4.428127999999999815e+02 3.213983000000000256e-01 1.818971999999999950e-02 3.395880200000000460e-01
4.655163000000000011e+02 3.447540000000000049e-01 1.811849000000000098e-02 3.628724899999999920e-01
4.893838999999999828e+02 3.694320999999999855e-01 1.802588000000000107e-02 3.874579799999999796e-01
5.144750999999999976e+02 3.954627000000000003e-01 1.791550000000000087e-02 4.133782000000000290e-01
5.408528000000000020e+02 4.228708999999999940e-01 1.778058000000000069e-02 4.406514799999999843e-01
5.685828999999999951e+02 4.516761000000000248e-01 1.762611000000000039e-02 4.693022100000000529e-01
5.977347999999999502e+02 4.818909000000000109e-01 1.745566000000000131e-02 4.993465599999999949e-01
6.283813000000000102e+02 5.135207999999999995e-01 1.726242000000000054e-02 5.307832200000000000e-01
6.605991000000000213e+02 5.465628000000000153e-01 1.705063999999999885e-02 5.636134400000000211e-01
6.944687999999999874e+02 5.810051999999999994e-01 1.682424999999999893e-02 5.978294499999999845e-01
7.300748999999999569e+02 6.168259999999999854e-01 1.657712000000000074e-02 6.334031199999999862e-01
7.675067000000000235e+02 6.539930000000000465e-01 1.631343000000000029e-02 6.703064300000000086e-01
8.068576000000000477e+02 6.924622999999999751e-01 1.603645999999999891e-02 7.084987600000000052e-01
8.482260999999999740e+02 7.321784000000000070e-01 1.574191999999999952e-02 7.479203199999999718e-01
8.917155000000000200e+02 7.730728999999999518e-01 1.543295000000000083e-02 7.885058499999999526e-01
9.374347999999999956e+02 8.150646000000000280e-01 1.511299999999999970e-02 8.301776000000000710e-01
9.854981000000000222e+02 8.580588999999999578e-01 1.477819000000000008e-02 8.728370899999999821e-01
1.036026000000000067e+03 9.019475999999999605e-01 1.443219999999999920e-02 9.163797999999999666e-01
1.089144000000000005e+03 9.466088999999999753e-01 1.407778999999999975e-02 9.606866899999999543e-01
1.144984999999999900e+03 9.919073000000000473e-01 1.371201000000000017e-02 1.005619310000000155e+00
1.203690000000000055e+03 1.037693999999999894e+00 1.333978000000000073e-02 1.051033779999999807e+00
1.265404999999999973e+03 1.083808000000000105e+00 1.295807000000000035e-02 1.096766070000000148e+00
1.330282999999999902e+03 1.130076999999999998e+00 1.256998999999999964e-02 1.142646990000000029e+00
1.398488000000000056e+03 1.176312000000000024e+00 1.217828999999999960e-02 1.188490290000000060e+00
1.470190000000000055e+03 1.222320999999999991e+00 1.178091000000000034e-02 1.234101909999999913e+00
1.545568999999999960e+03 1.267900000000000027e+00 1.138185000000000065e-02 1.279281850000000054e+00
1.624811999999999898e+03 1.312835999999999892e+00 1.097907000000000050e-02 1.323815069999999983e+00
1.708117999999999938e+03 1.356913000000000036e+00 1.057655000000000053e-02 1.367489549999999943e+00
1.795694999999999936e+03 1.399909000000000070e+00 1.017267999999999992e-02 1.410081680000000004e+00
1.887761999999999944e+03 1.441600999999999910e+00 9.771010000000000112e-03 1.451372009999999824e+00
1.984548999999999978e+03 1.481764999999999999e+00 9.369962000000000776e-03 1.491134962000000064e+00
2.086298999999999978e+03 1.520178999999999947e+00 8.972911000000000081e-03 1.529151911000000030e+00
2.193266000000000076e+03 1.556626000000000065e+00 8.578564999999999802e-03 1.565204565000000159e+00
2.305717000000000098e+03 1.590897000000000006e+00 8.189843000000000470e-03 1.599086843000000036e+00
2.423934000000000196e+03 1.622787999999999897e+00 7.805644999999999945e-03 1.630593644999999814e+00
2.548211999999999989e+03 1.652107999999999910e+00 7.428604999999999584e-03 1.659536604999999998e+00
2.678862000000000080e+03 1.678679999999999950e+00 7.057752999999999943e-03 1.685737752999999950e+00
2.816210000000000036e+03 1.702339000000000047e+00 6.695364999999999997e-03 1.709034364999999944e+00
2.960599999999999909e+03 1.722938000000000081e+00 6.341307000000000020e-03 1.729279307000000099e+00
3.112393000000000029e+03 1.740348999999999924e+00 5.995503000000000117e-03 1.746344502999999992e+00
3.271969000000000051e+03 1.754461000000000048e+00 5.659756000000000162e-03 1.760120756000000064e+00
3.439726000000000113e+03 1.765185999999999922e+00 5.333408999999999893e-03 1.770519408999999822e+00
3.616085000000000036e+03 1.772461000000000064e+00 5.017925999999999810e-03 1.777478926000000126e+00
3.801485000000000127e+03 1.776224999999999943e+00 4.713173000000000189e-03 1.780938173000000013e+00
3.996391999999999825e+03 1.776470999999999911e+00 4.418883000000000186e-03 1.780889882999999951e+00
4.201291000000000167e+03 1.773193000000000019e+00 4.136288000000000117e-03 1.777329288000000007e+00
4.416695999999999913e+03 1.766413000000000011e+00 3.865079999999999905e-03 1.770278079999999976e+00
4.643145000000000437e+03 1.756175999999999959e+00 3.604981000000000158e-03 1.759780981000000022e+00
4.881203999999999724e+03 1.742545999999999928e+00 3.356842000000000072e-03 1.745902842000000010e+00
5.131469000000000051e+03 1.725610000000000088e+00 3.120278000000000201e-03 1.728730278000000009e+00
5.394564999999999600e+03 1.705475000000000074e+00 2.894939000000000019e-03 1.708369939000000004e+00
5.671149999999999636e+03 1.682263000000000064e+00 2.681376999999999979e-03 1.684944377000000104e+00
5.961916000000000167e+03 1.656117000000000061e+00 2.479087999999999951e-03 1.658596088000000135e+00
6.267590000000000146e+03 1.627192999999999889e+00 2.287948000000000152e-03 1.629480947999999874e+00
6.588935999999999694e+03 1.595660000000000078e+00 2.107702999999999834e-03 1.597767703000000150e+00
6.926757999999999811e+03 1.561703000000000063e+00 1.937986000000000049e-03 1.563640986000000010e+00
7.281900999999999840e+03 1.525511999999999979e+00 1.778648999999999985e-03 1.527290649000000000e+00
7.655252000000000407e+03 1.487287999999999943e+00 1.629615999999999964e-03 1.488917615999999944e+00
8.047744999999999891e+03 1.447238000000000024e+00 1.490315000000000086e-03 1.448728315000000100e+00
8.460361000000000786e+03 1.405572999999999961e+00 1.360398999999999983e-03 1.406933398999999918e+00
8.894132999999999811e+03 1.362508999999999970e+00 1.239515000000000061e-03 1.363748514999999939e+00
9.350145000000000437e+03 1.318256000000000094e+00 1.127263000000000093e-03 1.319383263000000195e+00
9.829538000000000466e+03 1.273031000000000024e+00 1.023248000000000039e-03 1.274054248000000111e+00
1.033351000000000022e+04 1.227044000000000024e+00 9.270418999999999578e-04 1.227971041900000060e+00
1.086331999999999971e+04 1.180501999999999940e+00 8.383747000000000421e-04 1.181340374699999973e+00
1.142029000000000087e+04 1.133604999999999974e+00 7.567410000000000109e-04 1.134361740999999979e+00
1.200581999999999971e+04 1.086546999999999930e+00 6.817918000000000069e-04 1.087228791799999872e+00
1.262137999999999920e+04 1.039514000000000049e+00 6.130253000000000004e-04 1.040127025300000119e+00
1.326848999999999978e+04 9.926833000000000462e-01 5.501402999999999545e-04 9.932334403000000478e-01
1.394878000000000065e+04 9.462203999999999615e-01 4.928222999999999588e-04 9.467132222999999902e-01
1.466395000000000073e+04 9.002814000000000094e-01 4.405985999999999865e-04 9.007219986000000178e-01
1.541578000000000065e+04 8.550109999999999655e-01 3.931483999999999847e-04 8.554041484000000084e-01
1.620617000000000007e+04 8.105407999999999502e-01 3.501844999999999741e-04 8.108909844999999672e-01
1.703708000000000175e+04 7.669922999999999602e-01 3.112567999999999910e-04 7.673035567999999529e-01
1.791059000000000015e+04 7.244732000000000394e-01 2.761139000000000128e-04 7.247493139000000806e-01
1.882888000000000102e+04 6.830796000000000090e-01 2.444559999999999919e-04 6.833240560000000130e-01
1.979425999999999840e+04 6.428951000000000526e-01 2.160235999999999895e-04 6.431111236000000009e-01
2.080913000000000102e+04 6.039915000000000145e-01 1.905076000000000122e-04 6.041820075999999595e-01
2.187604000000000087e+04 5.664285999999999488e-01 1.676635000000000050e-04 5.665962634999999192e-01
2.299765000000000146e+04 5.302552000000000376e-01 1.472625000000000084e-04 5.304024625000000048e-01
2.417675999999999840e+04 4.955092999999999859e-01 1.290890000000000104e-04 4.956383890000000125e-01
2.541633000000000175e+04 4.622170999999999919e-01 1.129414000000000026e-04 4.623300414000000025e-01
2.671945000000000073e+04 4.303975999999999913e-01 9.858211999999999390e-05 4.304961821200000149e-01
2.808938999999999942e+04 4.000582999999999778e-01 8.589203999999999969e-05 4.001441920399999574e-01
2.952956000000000131e+04 3.711993000000000098e-01 7.465607000000000298e-05 3.712739560700000219e-01
3.104358000000000175e+04 3.438123000000000151e-01 6.477091000000000087e-05 3.438770709100000267e-01
3.263520999999999913e+04 3.178826000000000152e-01 5.607572999999999784e-05 3.179386757300000088e-01
3.430845999999999913e+04 2.933878999999999793e-01 4.842381999999999676e-05 2.934363238199999557e-01
3.606748999999999796e+04 2.703011000000000164e-01 4.173953999999999848e-05 2.703428395399999906e-01
3.791670999999999913e+04 2.485893000000000130e-01 3.589838000000000035e-05 2.486251983800000231e-01
3.986073999999999796e+04 2.282154999999999878e-01 3.080600000000000287e-05 2.282463059999999822e-01
