1.000000000000000000e+01 5.171585330660000493e-03 3.537933040359125814e-03 0.000000000000000000e+00 1.040479999999999904e-05 8.042720000000001492e-06 5.782023300000000108e-07
1.350000000000000000e+01 7.596651843080000181e-03 4.136909522785735954e-03 0.000000000000000000e+00 3.567359999999999672e-05 2.655968000000000453e-05 1.053789779999999958e-06
1.800000000000000000e+01 1.181049187528999955e-02 4.817215093179011073e-03 0.000000000000000000e+00 7.134719999999999344e-05 5.536384000000000287e-05 1.873715190000000206e-06
2.350000000000000000e+01 1.173514951294999872e-02 5.292781382559823972e-03 0.000000000000000000e+00 1.085071999999999968e-04 7.481600000000001010e-05 3.194520449999999932e-06
3.050000000000000000e+01 1.550499852114199661e-02 4.739209318206833582e-03 4.246976799999999863e-06 1.649904000000000052e-04 1.011886400000000118e-04 5.383397009999999944e-06
4.000000000000000000e+01 9.376575810289999868e-03 3.875263501330971413e-03 9.463884000000000546e-06 3.329535999999999694e-04 1.975142400000000234e-04 9.266051399999999989e-06
5.250000000000000000e+01 1.771312984984899780e-02 3.558094022955095651e-03 1.468549959999999881e-05 6.673936000000000538e-04 3.080548800000000500e-04 1.598244821999999881e-05
6.850000000000000000e+01 2.400826062417800097e-02 3.602367510628418871e-03 2.955933519999999560e-05 1.244116799999999811e-03 5.212804799999999758e-04 2.726638148999999993e-05
8.950000000000000000e+01 3.652003279247200557e-02 3.964400002630156378e-03 5.764023279999999107e-05 2.080959999999999754e-03 8.053942400000000919e-04 4.671677907000000443e-05
1.170000000000000000e+02 5.855920201137400360e-02 5.083413543545629680e-03 1.016261055999999959e-04 4.014766399999999610e-03 1.279727680000000136e-03 8.033471450999998776e-05
1.525000000000000000e+02 6.915818729932499132e-02 6.485614156651496251e-03 2.161861859999999818e-04 7.017294400000000446e-03 2.106818560000000250e-03 1.379200895100000056e-04
1.980000000000000000e+02 9.589283101728199310e-02 8.556735461007778168e-03 3.323282888000000349e-04 1.206213600000000108e-02 3.131797759999999965e-03 2.365993817400000054e-04
2.575000000000000000e+02 1.497229898905959866e-01 1.289349811299268095e-02 5.640004023999999798e-04 2.172819520000000143e-02 5.114608800000000795e-03 4.122354077999999854e-04
3.355000000000000000e+02 2.050399929251359721e-01 2.037309544313645540e-02 9.967023623999999010e-04 3.700095519999999777e-02 8.094155999999999920e-03 7.362149730599999893e-04
4.365000000000000000e+02 3.058425938437229763e-01 3.387678259500937622e-02 1.567252149200000109e-03 7.665364799999999090e-02 1.320259248000000066e-02 1.357446811529999884e-03
5.675000000000000000e+02 3.701731096645810015e-01 5.719256620853589712e-02 2.047829120400000008e-03 1.594803152000000002e-01 2.157618623999999971e-02 2.650484810189999985e-03
7.380000000000000000e+02 5.212942740814300313e-01 9.435133639584998566e-02 2.834598051999999598e-03 2.928995791999999820e-01 2.897735904000000445e-02 5.721571392780000313e-03
9.595000000000000000e+02 7.285743859588128535e-01 1.602966888776392873e-01 3.553584857199999607e-03 5.376502032000000098e-01 3.875468800000000241e-02 1.460708183339999924e-02
