2.000000000000000000e+00 5.093234000000000303e-05 6.847318000000000566e-05 1.194055200000000087e-04
2.102542000000000133e+00 5.495681999999999672e-05 7.390877999999999814e-05 1.288655999999999949e-04
2.210341999999999807e+00 5.931521999999999890e-05 7.981266999999999355e-05 1.391278899999999789e-04
2.323668000000000067e+00 6.403539999999999341e-05 8.620626999999999956e-05 1.502416699999999930e-04
2.442806000000000033e+00 6.914755000000000510e-05 9.314515000000000045e-05 1.622926999999999920e-04
2.568051000000000084e+00 7.468430999999999985e-05 1.007075999999999978e-04 1.753919099999999977e-04
2.699717999999999840e+00 8.068091000000000271e-05 1.089517999999999959e-04 1.896327099999999986e-04
2.838134999999999852e+00 8.717528999999999795e-05 1.179102999999999949e-04 2.050855900000000064e-04
2.983649000000000218e+00 9.420838000000000280e-05 1.276264999999999952e-04 2.218348799999999980e-04
3.136623999999999857e+00 1.018243999999999936e-04 1.381808000000000103e-04 2.400052000000000175e-04
3.297442999999999902e+00 1.100709999999999970e-04 1.496714000000000117e-04 2.597424000000000087e-04
3.466505999999999865e+00 1.190000000000000058e-04 1.621694000000000130e-04 2.811694000000000324e-04
3.644238000000000088e+00 1.286668999999999996e-04 1.757286000000000102e-04 3.043955000000000098e-04
3.831081999999999876e+00 1.391315000000000010e-04 1.904417999999999899e-04 3.295732999999999909e-04
4.027504999999999669e+00 1.504583999999999891e-04 2.064284999999999905e-04 3.568868999999999796e-04
4.233999999999999986e+00 1.627172000000000080e-04 2.237910000000000127e-04 3.865081999999999936e-04
4.451082000000000427e+00 1.759832000000000128e-04 2.426157000000000021e-04 4.185989000000000420e-04
4.679293999999999620e+00 1.903372999999999979e-04 2.630191999999999838e-04 4.533564999999999817e-04
4.919205999999999968e+00 2.058667999999999989e-04 2.851465000000000184e-04 4.910132999999999902e-04
5.171419000000000210e+00 2.226654000000000111e-04 3.091680999999999986e-04 5.318334999999999556e-04
5.436563999999999730e+00 2.408346000000000065e-04 3.351234000000000244e-04 5.759580000000000038e-04
5.715302000000000326e+00 2.604840000000000085e-04 3.632085999999999973e-04 6.236926000000000058e-04
6.008332000000000228e+00 2.817318999999999986e-04 3.935961999999999772e-04 6.753281000000000301e-04
6.316385999999999612e+00 3.047053999999999778e-04 4.264464999999999836e-04 7.311518999999999614e-04
6.640234000000000414e+00 3.295419000000000169e-04 4.619213999999999850e-04 7.914632999999999478e-04
6.980686000000000391e+00 3.563900999999999744e-04 5.002201000000000390e-04 8.566102000000000135e-04
7.338593000000000366e+00 3.854104999999999922e-04 5.415441999999999912e-04 9.269547000000000377e-04
7.714851000000000347e+00 4.167765999999999832e-04 5.860807999999999469e-04 1.002857399999999930e-03
8.110400000000000276e+00 4.506763999999999801e-04 6.340467000000000021e-04 1.084723099999999928e-03
8.526229000000000724e+00 4.873135000000000227e-04 6.856780000000000036e-04 1.172991500000000135e-03
8.963378000000000512e+00 5.269089999999999928e-04 7.411946999999999459e-04 1.268103699999999830e-03
9.422940000000000538e+00 5.697026000000000433e-04 8.008314999999999574e-04 1.370534100000000109e-03
9.906064999999999898e+00 6.159540999999999714e-04 8.648539999999999700e-04 1.480808099999999941e-03
1.041395999999999944e+01 6.659462000000000107e-04 9.335081999999999538e-04 1.599454399999999856e-03
1.094788999999999923e+01 7.199876999999999709e-04 1.007251000000000023e-03 1.727238700000000102e-03
1.150920999999999950e+01 7.784155999999999541e-04 1.085961999999999995e-03 1.864377599999999949e-03
1.209928999999999988e+01 8.415973000000000204e-04 1.170115000000000001e-03 2.011712300000000238e-03
1.271964000000000006e+01 9.099342000000000064e-04 1.259986000000000049e-03 2.169920200000000163e-03
1.337179000000000073e+01 9.838651000000000341e-04 1.355873000000000061e-03 2.339738100000000095e-03
1.405738000000000021e+01 1.063871999999999995e-03 1.458050999999999922e-03 2.521922999999999700e-03
1.477810999999999986e+01 1.150483000000000105e-03 1.566806000000000015e-03 2.717289000000000336e-03
1.553580000000000005e+01 1.244281000000000076e-03 1.682429999999999950e-03 2.926711000000000243e-03
1.633233999999999853e+01 1.345903999999999981e-03 1.805196000000000014e-03 3.151099999999999995e-03
1.716972000000000165e+01 1.456051999999999997e-03 1.935380999999999907e-03 3.391433000000000121e-03
1.805002999999999957e+01 1.575500000000000077e-03 2.073258000000000132e-03 3.648758000000000210e-03
1.897547000000000139e+01 1.705101000000000099e-03 2.219069000000000163e-03 3.924170000000000262e-03
1.994836000000000098e+01 1.845793999999999994e-03 2.373716000000000107e-03 4.219510000000000101e-03
2.097113999999999834e+01 1.998614000000000120e-03 2.536092000000000207e-03 4.534706000000000327e-03
2.204635000000000034e+01 2.164701000000000212e-03 2.707086000000000041e-03 4.871787000000000686e-03
2.317669000000000068e+01 2.345316000000000067e-03 2.886890999999999936e-03 5.232207000000000004e-03
2.436498999999999882e+01 2.541845000000000042e-03 3.075660999999999933e-03 5.617505999999999541e-03
2.561420999999999992e+01 2.755819000000000064e-03 3.273549000000000164e-03 6.029368000000000227e-03
2.692747999999999919e+01 2.988920999999999852e-03 3.480639000000000215e-03 6.469560000000000068e-03
2.830808000000000035e+01 3.243006000000000100e-03 3.697062000000000091e-03 6.940068000000000625e-03
2.975946000000000069e+01 3.520115999999999783e-03 3.922848999999999954e-03 7.442964999999999304e-03
3.128526000000000096e+01 3.822496999999999787e-03 4.158056999999999725e-03 7.980553999999999079e-03
3.288929000000000258e+01 4.152615000000000126e-03 4.404204999999999579e-03 8.556819999999999704e-03
3.457556000000000296e+01 4.513178999999999975e-03 4.658060999999999799e-03 9.171240000000000642e-03
3.634828999999999866e+01 4.907159000000000347e-03 4.921224000000000084e-03 9.828382999999999564e-03
3.821191000000000315e+01 5.337813999999999753e-03 5.193600999999999947e-03 1.053141499999999883e-02
4.017107000000000028e+01 5.808708000000000100e-03 5.475059000000000002e-03 1.128376700000000010e-02
4.223069000000000273e+01 6.323737999999999755e-03 5.765395999999999889e-03 1.208913399999999964e-02
4.439589999999999748e+01 6.887164000000000307e-03 6.064474000000000253e-03 1.295163800000000143e-02
4.667213000000000278e+01 7.503636999999999634e-03 6.372018000000000126e-03 1.387565500000000063e-02
4.906506000000000256e+01 8.178223000000000090e-03 6.687811000000000103e-03 1.486603400000000019e-02
5.158068000000000097e+01 8.916441000000000644e-03 7.014346000000000296e-03 1.593078700000000181e-02
5.422527999999999793e+01 9.724290999999999491e-03 7.345365000000000401e-03 1.706965599999999902e-02
5.700547000000000253e+01 1.060829999999999933e-02 7.683693000000000120e-03 1.829199299999999945e-02
5.992819999999999681e+01 1.157553000000000054e-02 8.029008000000000672e-03 1.960453800000000121e-02
6.300077999999999889e+01 1.263367999999999956e-02 8.380976000000000051e-03 2.101465599999999961e-02
6.623090000000000543e+01 1.379104999999999914e-02 8.739225999999999245e-03 2.253027599999999839e-02
6.962663000000000579e+01 1.505664999999999955e-02 9.103352999999999792e-03 2.416000299999999934e-02
7.319647000000000503e+01 1.644019000000000036e-02 9.477628999999999568e-03 2.591781900000000166e-02
7.694933000000000334e+01 1.795218000000000161e-02 9.851584000000000035e-03 2.780376400000000164e-02
8.089461000000000013e+01 1.960394999999999846e-02 1.022983000000000052e-02 2.983377999999999725e-02
8.504215999999999553e+01 2.140770999999999993e-02 1.061160000000000055e-02 3.201931000000000221e-02
8.940237000000000478e+01 2.337660999999999906e-02 1.099604000000000033e-02 3.437264999999999765e-02
9.398613000000000284e+01 2.552476999999999871e-02 1.138213000000000072e-02 3.690689999999999943e-02
9.880490000000000350e+01 2.786738999999999883e-02 1.176879999999999940e-02 3.963619000000000170e-02
1.038706999999999994e+02 3.042072999999999999e-02 1.216092000000000041e-02 4.258164999999999867e-02
1.091962999999999937e+02 3.320226999999999901e-02 1.254470000000000064e-02 4.574696999999999791e-02
1.147948999999999984e+02 3.623065999999999787e-02 1.292571999999999992e-02 4.915637999999999952e-02
1.206805999999999983e+02 3.952586999999999767e-02 1.330277000000000022e-02 5.282863999999999616e-02
1.268679999999999950e+02 4.310920000000000030e-02 1.367451000000000083e-02 5.678371000000000113e-02
1.333727000000000089e+02 4.700333999999999762e-02 1.403950999999999984e-02 6.104284999999999572e-02
1.402108000000000061e+02 5.123243000000000241e-02 1.440284000000000009e-02 6.563526999999999556e-02
1.473995999999999924e+02 5.582212999999999758e-02 1.474887000000000073e-02 7.057099999999999485e-02
1.549568999999999903e+02 6.079963000000000034e-02 1.508392000000000066e-02 7.588354999999999406e-02
1.629017000000000053e+02 6.619371000000000282e-02 1.540689999999999941e-02 8.160061000000000397e-02
1.712538999999999874e+02 7.203476000000000323e-02 1.571687000000000084e-02 8.775162999999999713e-02
1.800343000000000018e+02 7.835483999999999505e-02 1.601986999999999856e-02 9.437471000000000054e-02
1.892648000000000081e+02 8.518762000000000556e-02 1.630022000000000068e-02 1.014878400000000097e-01
1.989686000000000092e+02 9.256847999999999466e-02 1.656501999999999974e-02 1.091334999999999944e-01
2.091699999999999875e+02 1.005343999999999960e-01 1.681295999999999832e-02 1.173473599999999978e-01
2.198942999999999870e+02 1.091238999999999959e-01 1.704396000000000036e-02 1.261678599999999928e-01
2.311685999999999979e+02 1.183773000000000047e-01 1.726366999999999832e-02 1.356409699999999996e-01
2.430208000000000084e+02 1.283360000000000056e-01 1.745849999999999833e-02 1.457944999999999935e-01
2.554807999999999879e+02 1.390432000000000057e-01 1.763516000000000042e-02 1.566783600000000165e-01
2.685796000000000276e+02 1.505430000000000101e-01 1.779379999999999851e-02 1.683368000000000086e-01
2.823498999999999910e+02 1.628807999999999923e-01 1.794052000000000147e-02 1.808213200000000076e-01
2.968263000000000034e+02 1.761028000000000038e-01 1.806011000000000075e-02 1.941629099999999941e-01
3.120448999999999842e+02 1.902560000000000084e-01 1.815958000000000155e-02 2.084155800000000169e-01
3.280437999999999761e+02 2.053875000000000006e-01 1.824009999999999868e-02 2.236276000000000097e-01
3.448629999999999995e+02 2.215446000000000082e-01 1.830690000000000095e-02 2.398514999999999953e-01
3.625445000000000277e+02 2.387749000000000121e-01 1.834575999999999915e-02 2.571206600000000009e-01
3.811324999999999932e+02 2.571244999999999781e-01 1.836288000000000156e-02 2.754873800000000039e-01
4.006736000000000217e+02 2.766384000000000065e-01 1.835896999999999876e-02 2.949973699999999810e-01
4.212166000000000281e+02 2.973603000000000218e-01 1.833736999999999867e-02 3.156976700000000413e-01
4.428127999999999815e+02 3.193316999999999961e-01 1.828805999999999835e-02 3.376197599999999910e-01
4.655163000000000011e+02 3.425907999999999731e-01 1.821725999999999901e-02 3.608080599999999860e-01
4.893838999999999828e+02 3.671730000000000271e-01 1.812489000000000114e-02 3.852978900000000317e-01
5.144750999999999976e+02 3.931087999999999805e-01 1.801476999999999939e-02 4.111235699999999937e-01
5.408528000000000020e+02 4.204242999999999730e-01 1.788005000000000150e-02 4.383043499999999537e-01
5.685828999999999951e+02 4.491396000000000277e-01 1.772566000000000072e-02 4.668652600000000041e-01
5.977347999999999502e+02 4.792683999999999833e-01 1.755525999999999961e-02 4.968236600000000003e-01
6.283813000000000102e+02 5.108169000000000182e-01 1.736187000000000147e-02 5.281787700000000196e-01
6.605991000000000213e+02 5.437830999999999637e-01 1.714987000000000109e-02 5.609329699999999752e-01
6.944687999999999874e+02 5.781566999999999679e-01 1.692321999999999924e-02 5.950799199999999844e-01
7.300748999999999569e+02 6.139162000000000230e-01 1.667563999999999852e-02 6.305918400000000146e-01
7.675067000000000235e+02 6.510310999999999737e-01 1.641139999999999960e-02 6.674424999999999386e-01
8.068576000000000477e+02 6.894578000000000095e-01 1.613380000000000022e-02 7.055915999999999855e-01
8.482260999999999740e+02 7.291427000000000325e-01 1.583820000000000019e-02 7.449809000000000569e-01
8.917155000000000200e+02 7.700179000000000329e-01 1.552865999999999969e-02 7.855465600000000048e-01
9.374347999999999956e+02 8.120028999999999719e-01 1.520786000000000013e-02 8.272107599999999339e-01
9.854981000000000222e+02 8.550052000000000207e-01 1.487200999999999974e-02 8.698772100000000673e-01
1.036026000000000067e+03 8.989156999999999842e-01 1.452487000000000049e-02 9.134405700000000072e-01
1.089144000000000005e+03 9.436151000000000399e-01 1.416923999999999961e-02 9.577843400000000118e-01
1.144984999999999900e+03 9.889666999999999764e-01 1.380212999999999926e-02 1.002768829999999944e+00
1.203690000000000055e+03 1.034823999999999966e+00 1.342847999999999958e-02 1.048252479999999931e+00
1.265404999999999973e+03 1.081024999999999903e+00 1.304518999999999991e-02 1.094070189999999831e+00
1.330282999999999902e+03 1.127396000000000065e+00 1.265731999999999968e-02 1.140053320000000037e+00
1.398488000000000056e+03 1.173753000000000046e+00 1.226215999999999938e-02 1.186015159999999957e+00
1.470190000000000055e+03 1.219897999999999927e+00 1.186299000000000034e-02 1.231760989999999945e+00
1.545568999999999960e+03 1.265630000000000033e+00 1.146204999999999967e-02 1.277092050000000034e+00
1.624811999999999898e+03 1.310734999999999983e+00 1.105733000000000063e-02 1.321792330000000071e+00
1.708117999999999938e+03 1.354994000000000032e+00 1.065282000000000034e-02 1.365646820000000039e+00
1.795694999999999936e+03 1.398184000000000093e+00 1.024686000000000000e-02 1.408430860000000173e+00
1.887761999999999944e+03 1.440083000000000002e+00 9.843740999999999602e-03 1.449926741000000074e+00
1.984548999999999978e+03 1.480463000000000084e+00 9.439813000000000023e-03 1.489902813000000048e+00
2.086298999999999978e+03 1.519103000000000092e+00 9.040530999999999220e-03 1.528143530999999999e+00
2.193266000000000076e+03 1.555781999999999998e+00 8.643893999999999189e-03 1.564425893999999984e+00
2.305717000000000098e+03 1.590287999999999924e+00 8.252669000000000671e-03 1.598540668999999914e+00
2.423934000000000196e+03 1.622416999999999998e+00 7.866309000000000148e-03 1.630283308999999958e+00
2.548211999999999989e+03 1.651974999999999971e+00 7.486910000000000266e-03 1.659461909999999873e+00
2.678862000000000080e+03 1.678781999999999996e+00 7.113666000000000260e-03 1.685895665999999959e+00
2.816210000000000036e+03 1.702671000000000046e+00 6.748902000000000199e-03 1.709419902000000047e+00
2.960599999999999909e+03 1.723494000000000081e+00 6.392476999999999708e-03 1.729886476999999978e+00
3.112393000000000029e+03 1.741120000000000001e+00 6.044253999999999773e-03 1.747164254000000083e+00
3.271969000000000051e+03 1.755435000000000079e+00 5.706197999999999999e-03 1.761141198000000019e+00
3.439726000000000113e+03 1.766351000000000004e+00 5.377910999999999976e-03 1.771728911000000073e+00
3.616085000000000036e+03 1.773795999999999928e+00 5.059722000000000004e-03 1.778855721999999862e+00
3.801485000000000127e+03 1.777725000000000000e+00 4.752680999999999920e-03 1.782477681000000036e+00
3.996391999999999825e+03 1.778111999999999915e+00 4.456159999999999809e-03 1.782568159999999846e+00
4.201291000000000167e+03 1.774956999999999896e+00 4.171390999999999988e-03 1.779128390999999976e+00
4.416695999999999913e+03 1.768280000000000074e+00 3.898061999999999881e-03 1.772178062000000054e+00
4.643145000000000437e+03 1.758124000000000020e+00 3.635896999999999914e-03 1.761759897000000130e+00
4.881203999999999724e+03 1.744555999999999996e+00 3.385758999999999904e-03 1.747941758999999928e+00
5.131469000000000051e+03 1.727662999999999949e+00 3.147266000000000126e-03 1.730810265999999986e+00
5.394564999999999600e+03 1.707545000000000091e+00 2.920313999999999809e-03 1.710465314000000125e+00
5.671149999999999636e+03 1.684333999999999998e+00 2.704701999999999801e-03 1.687038701999999946e+00
5.961916000000000167e+03 1.658168000000000086e+00 2.500721000000000020e-03 1.660668721000000181e+00
6.267590000000000146e+03 1.629205999999999932e+00 2.307890999999999849e-03 1.631513890999999994e+00
6.588935999999999694e+03 1.597852999999999968e+00 2.126212000000000154e-03 1.599979212000000039e+00
6.926757999999999811e+03 1.563585999999999920e+00 1.955151000000000024e-03 1.565541150999999909e+00
7.281900999999999840e+03 1.527308000000000110e+00 1.794383000000000089e-03 1.529102383000000120e+00
7.655252000000000407e+03 1.488982999999999945e+00 1.643967000000000084e-03 1.490626966999999858e+00
8.047744999999999891e+03 1.448819999999999997e+00 1.503423000000000042e-03 1.450323422999999945e+00
8.460361000000000786e+03 1.407032999999999978e+00 1.372327000000000009e-03 1.408405326999999874e+00
8.894132999999999811e+03 1.363836000000000048e+00 1.250349999999999899e-03 1.365086350000000115e+00
9.350145000000000437e+03 1.319445999999999897e+00 1.137095999999999984e-03 1.320583095999999790e+00
9.829538000000000466e+03 1.274078000000000044e+00 1.032106000000000082e-03 1.275110106000000076e+00
1.033351000000000022e+04 1.227945999999999982e+00 9.350753000000000493e-04 1.228881075299999903e+00
1.086331999999999971e+04 1.181256000000000084e+00 8.455779000000000073e-04 1.182101577900000144e+00
1.142029000000000087e+04 1.134211999999999998e+00 7.631953999999999605e-04 1.134975195400000025e+00
1.200581999999999971e+04 1.087008999999999892e+00 6.875051999999999986e-04 1.087696505199999830e+00
1.262137999999999920e+04 1.039833999999999925e+00 6.181599000000000512e-04 1.040452159899999840e+00
1.326848999999999978e+04 9.928647999999999918e-01 5.547475000000000279e-04 9.934195474999999442e-01
1.394878000000000065e+04 9.462694000000000383e-01 4.968820000000000311e-04 9.467662820000000146e-01
1.466395000000000073e+04 9.002044000000000157e-01 4.442343999999999763e-04 9.006486343999999811e-01
1.541578000000000065e+04 8.548423000000000549e-01 3.963366999999999758e-04 8.552386367000001099e-01
1.620617000000000007e+04 8.102342999999999629e-01 3.529927999999999994e-04 8.105872927999999700e-01
1.703708000000000175e+04 7.666026000000000229e-01 3.137223999999999764e-04 7.669163224000000723e-01
1.791059000000000015e+04 7.239716000000000484e-01 2.782722999999999751e-04 7.242498723000000416e-01
1.882888000000000102e+04 6.824942000000000508e-01 2.463397999999999890e-04 6.827405398000000458e-01
1.979425999999999840e+04 6.422354000000000118e-01 2.176799000000000095e-04 6.424530799000000014e-01
2.080913000000000102e+04 6.032669999999999977e-01 1.919319999999999913e-04 6.034589320000000034e-01
2.187604000000000087e+04 5.656487000000000043e-01 1.688802000000000098e-04 5.658175802000000587e-01
2.299765000000000146e+04 5.294290999999999858e-01 1.483425999999999983e-04 5.295774425999999480e-01
2.417675999999999840e+04 4.946457000000000215e-01 1.300004999999999965e-04 4.947757005000000263e-01
2.541633000000000175e+04 4.613252999999999937e-01 1.137181000000000048e-04 4.614390180999999869e-01
2.671945000000000073e+04 4.294852000000000114e-01 9.924528999999999589e-05 4.295844452900000054e-01
2.808938999999999942e+04 3.991350000000000176e-01 8.645551000000000668e-05 3.992214555100000450e-01
2.952956000000000131e+04 3.702687000000000062e-01 7.513216999999999660e-05 3.703438321699999980e-01
3.104358000000000175e+04 3.428906999999999927e-01 6.517003000000000325e-05 3.429558700299999985e-01
3.263520999999999913e+04 3.169602000000000253e-01 5.641140000000000000e-05 3.170166114000000368e-01
3.430845999999999913e+04 2.924782000000000215e-01 4.870366000000000322e-05 2.925269036600000039e-01
3.606748999999999796e+04 2.694087000000000010e-01 4.197215000000000098e-05 2.694506721500000146e-01
3.791670999999999913e+04 2.477257999999999960e-01 3.609050999999999676e-05 2.477618905099999991e-01
3.986073999999999796e+04 2.273613999999999913e-01 3.096316999999999987e-05 2.273923631700000003e-01
