1.000000000000000000e+01 5.174763657669999815e-03 3.048139052337531067e-03 0.000000000000000000e+00 1.040479999999999904e-05 8.042720000000001492e-06 5.782023300000000108e-07
1.350000000000000000e+01 7.607387050219999343e-03 3.630131240856470168e-03 0.000000000000000000e+00 3.567359999999999672e-05 2.655968000000000453e-05 1.053789779999999958e-06
1.800000000000000000e+01 1.183232020480999916e-02 4.358863143376674396e-03 0.000000000000000000e+00 7.134719999999999344e-05 5.536384000000000287e-05 1.873715190000000206e-06
2.350000000000000000e+01 1.176685047954999751e-02 4.907993984640336531e-03 0.000000000000000000e+00 1.085071999999999968e-04 7.481600000000001010e-05 3.194520449999999932e-06
3.050000000000000000e+01 1.557812318298999917e-02 4.388109593817765205e-03 4.246976799999999863e-06 1.649904000000000052e-04 1.011886400000000118e-04 5.383397009999999944e-06
4.000000000000000000e+01 9.528740868600000039e-03 3.567375501856021817e-03 9.463884000000000546e-06 3.329535999999999694e-04 1.975142400000000234e-04 9.266051399999999989e-06
5.250000000000000000e+01 1.797696471178000105e-02 3.325700675880758923e-03 1.468549959999999881e-05 6.673936000000000538e-04 3.080548800000000500e-04 1.598244821999999881e-05
6.850000000000000000e+01 2.450548199851000294e-02 3.378766542629651776e-03 2.955933519999999560e-05 1.244116799999999811e-03 5.212804799999999758e-04 2.726638148999999993e-05
8.950000000000000000e+01 3.739307530093000098e-02 3.633941749072030439e-03 5.764023279999999107e-05 2.080959999999999754e-03 8.053942400000000919e-04 4.671677907000000443e-05
1.170000000000000000e+02 6.013911104548999575e-02 4.495091100668271132e-03 1.016261055999999959e-04 4.014766399999999610e-03 1.279727680000000136e-03 8.033471450999998776e-05
1.525000000000000000e+02 7.214339589048998636e-02 5.117731773575480946e-03 2.161861859999999818e-04 7.017294400000000446e-03 2.106818560000000250e-03 1.379200895100000056e-04
1.980000000000000000e+02 1.006970436582599882e-01 6.057156563719188688e-03 3.323282888000000349e-04 1.206213600000000108e-02 3.131797759999999965e-03 2.365993817400000054e-04
2.575000000000000000e+02 1.580734361721999881e-01 8.117450434518350133e-03 5.640004023999999798e-04 2.172819520000000143e-02 5.114608800000000795e-03 4.122354077999999854e-04
3.355000000000000000e+02 2.193917522069399606e-01 1.160853353364344788e-02 9.967023623999999010e-04 3.700095519999999777e-02 8.094155999999999920e-03 7.362149730599999893e-04
4.365000000000000000e+02 3.318512568684700570e-01 1.696198295791754088e-02 1.567252149200000109e-03 7.665364799999999090e-02 1.320259248000000066e-02 1.357446811529999884e-03
5.675000000000000000e+02 4.156553830898100377e-01 2.501633437005816585e-02 2.047829120400000008e-03 1.594803152000000002e-01 2.157618623999999971e-02 2.650484810189999985e-03
7.380000000000000000e+02 5.972545915272200467e-01 3.680990756287738641e-02 2.834598051999999598e-03 2.928995791999999820e-01 2.897735904000000445e-02 5.721571392780000313e-03
9.595000000000000000e+02 8.552469397065999290e-01 5.608207328741834224e-02 3.553584857199999607e-03 5.376502032000000098e-01 3.875468800000000241e-02 1.460708183339999924e-02
